2022 101
NOAA 15                 
1 25338U 98030A   22100.78566287  .00000132  00000+0  73507-4 0  9996
2 25338  98.6518 131.1828 0011340 131.3858 228.8299 14.26106758243629
DMSP 5D-3 F15 (USA 147) 
1 25991U 99067A   22100.81976080  .00000176  00000+0  11170-3 0  9997
2 25991  99.0504  91.2501 0010647  26.5664  96.9878 14.16517492154210
METEOSAT-8 (MSG-1)      
1 27509U 02040B   22100.58827373  .00000139  00000+0  00000+0 0  9998
2 27509   7.9139  51.0011 0002180 312.9918  87.9868  1.00273460 71935
DMSP 5D-3 F16 (USA 172) 
1 28054U 03048A   22100.87274375  .00000093  00000+0  73192-4 0  9999
2 28054  98.9857  91.3456 0007949 142.0486 334.1988 14.13663102953470
NOAA 18                 
1 28654U 05018A   22100.78138030  .00000166  00000+0  11333-3 0  9990
2 28654  98.9536 171.2594 0014834 159.3151 200.8624 14.12710879870514
METEOSAT-9 (MSG-2)      
1 28912U 05049B   22100.58766374  .00000139  00000+0  00000+0 0  9992
2 28912   5.8684  66.7077 0000730 264.9395 118.2661  1.00436161 59715
EWS-G1 (GOES 13)        
1 29155U 06018A   22100.57893417  .00000035  00000+0  00000+0 0  9992
2 29155   0.4235  96.7441 0001668 154.5085 217.4854  1.00274256 28051
DMSP 5D-3 F17 (USA 191) 
1 29522U 06050A   22100.78841352  .00000143  00000+0  98156-4 0  9994
2 29522  98.7716 117.0973 0011073  94.1157 266.1282 14.14087671796342
FENGYUN 3A              
1 32958U 08026A   22100.83297223  .00000105  00000+0  70539-4 0  9997
2 32958  98.4954  66.2543 0008013 212.9352 147.1326 14.18701921718745
FENGYUN 2E              
1 33463U 08066A   22100.42539405 -.00000199  00000+0  00000+0 0  9994
2 33463   5.7562  65.6789 0003833   3.7456   8.6282  1.00279061 48766
NOAA 19                 
1 33591U 09005A   22100.84581726  .00000131  00000+0  96005-4 0  9999
2 33591  99.1561 133.5376 0014148  22.0825 338.0953 14.12547066678906
GOES 14                 
1 35491U 09033A   22100.54474815 -.00000093  00000+0  00000+0 0  9991
2 35491   0.1585  90.8710 0011616 132.5475  66.9501  1.00272400 46788
METEOR-M 1              
1 35865U 09049A   22100.79243525  .00000118  00000+0  71904-4 0  9995
2 35865  98.5216  73.4699 0003385  71.3126 288.8420 14.22318958652072
DMSP 5D-3 F18 (USA 210) 
1 35951U 09057A   22100.80359497  .00000250  00000+0  15560-3 0  9990
2 35951  98.7176  81.8766 0009908 281.6074  78.3986 14.13471936643556
GOES 15                 
1 36411U 10008A   22100.58872347  .00000055  00000+0  00000+0 0  9991
2 36411   0.1310 106.5796 0001613 318.6869 217.0574  1.00272883 44340
COMS 1                  
1 36744U 10032A   22100.50557233 -.00000345  00000+0  00000+0 0  9996
2 36744   0.8895  94.0149 0000876 270.7917 144.0625  1.00273115 35760
FENGYUN 3B              
1 37214U 10059A   22100.71669533  .00000098  00000+0  75462-4 0  9991
2 37214  99.0942 105.4860 0022164 183.3335 176.7664 14.14248514591384
SUOMI NPP               
1 37849U 11061A   22100.82002830  .00000077  00000+0  57095-4 0  9991
2 37849  98.7276  40.3261 0001143  97.2172 340.6511 14.19555417541591
FENGYUN 2F              
1 38049U 12002A   22100.50225803 -.00000355  00000+0  00000+0 0  9991
2 38049   3.6261  80.1694 0004809   5.6370  45.4802  1.00261016 37554
METEOSAT-10 (MSG-3)     
1 38552U 12035B   22100.33835036  .00000060  00000+0  00000+0 0  9994
2 38552   1.4296  36.6576 0001847 257.6274  35.4066  1.00266819 35525
METOP-B                 
1 38771U 12049A   22100.78308153  .00000082  00000+0  57703-4 0  9997
2 38771  98.7028 161.5139 0000567 142.7943 333.8985 14.21491925496114
FENGYUN 3C              
1 39260U 13052A   22100.71409410  .00000141  00000+0  92402-4 0  9998
2 39260  98.4619 132.2352 0012462 109.3019 250.9464 14.15910879442336
METEOR-M 2              
1 40069U 14037A   22100.85370997 -.00000136  00000+0 -44106-4 0  9997
2 40069  98.4377 121.7273 0006567 148.6865 211.4705 14.20701489402264
HIMAWARI-8              
1 40267U 14060A   22100.50801443 -.00000277  00000+0  00000+0 0  9995
2 40267   0.0162 132.4910 0000867 235.3605 154.4051  1.00274203 27430
FENGYUN 2G              
1 40367U 14090A   22100.49990315 -.00000302  00000+0  00000+0 0  9993
2 40367   1.7638  90.0358 0002632 341.0229  47.3493  1.00268202 26678
METEOSAT-11 (MSG-4)     
1 40732U 15034A   22100.33643156 -.00000006  00000+0  00000+0 0  9990
2 40732   0.1948  21.1767 0000793  54.8266 243.6905  1.00265279 24696
ELEKTRO-L 2             
1 41105U 15074A   22100.40533388 -.00000114  00000+0  00000+0 0  9992
2 41105   2.8170  88.8906 0000694  33.5229 207.7137  1.00271748 23184
HIMAWARI-9              
1 41836U 16064A   22100.50801443 -.00000276  00000+0  00000+0 0  9993
2 41836   0.0252 125.5528 0001019 260.0085 136.7820  1.00270683 19861
GOES 16                 
1 41866U 16071A   22100.53673970 -.00000249  00000+0  00000+0 0  9999
2 41866   0.0625 285.3123 0000820 119.1114 272.3264  1.00271155 19785
FENGYUN 4A              
1 41882U 16077A   22100.65023678 -.00000331  00000+0  00000+0 0  9992
2 41882   0.1995 284.9692 0005032 200.1845  52.3946  1.00270557 19656
CYGFM05                 
1 41884U 16078A   22100.48519671  .00004197  00000+0  21521-3 0  9997
2 41884  34.9554 265.0126 0015299 205.4465 154.5494 15.15887744294468
CYGFM04                 
1 41885U 16078B   22100.75829199  .00003820  00000+0  19322-3 0  9995
2 41885  34.9487 252.9209 0013987 223.8589 136.1013 15.16409762294705
CYGFM02                 
1 41886U 16078C   22100.48714727  .00004491  00000+0  22671-3 0  9992
2 41886  34.9578 256.7909 0014612 215.6208 144.3529 15.16427534294585
CYGFM01                 
1 41887U 16078D   22100.54352927  .00004015  00000+0  20724-3 0  9999
2 41887  34.9521 266.9208 0015781 205.2925 154.7014 15.15662713294424
CYGFM08                 
1 41888U 16078E   22100.48271099  .00004456  00000+0  22687-3 0  9992
2 41888  34.9491 260.2631 0015070 215.9812 143.9885 15.16121610294548
CYGFM06                 
1 41889U 16078F   22100.73138854  .00004501  00000+0  22722-3 0  9993
2 41889  34.9571 253.9621 0013533 217.8261 142.1500 15.16442283294690
CYGFM07                 
1 41890U 16078G   22100.77894647  .00003926  00000+0  19866-3 0  9993
2 41890  34.9508 252.4961 0013414 222.7119 137.2551 15.16395789294709
CYGFM03                 
1 41891U 16078H   22100.51392454  .00004187  00000+0  21184-3 0  9991
2 41891  34.9540 254.5978 0012908 218.6922 141.2865 15.16388437294503
FENGYUN 3D              
1 43010U 17072A   22100.81161485  .00000347  00000+0  18687-3 0  9990
2 43010  98.8093  45.7694 0003002  90.5022 269.6529 14.19193823228175
NOAA 20                 
1 43013U 17073A   22100.84026820  .00000059  00000+0  48714-4 0  9995
2 43013  98.7516  40.3971 0000675  90.5425 269.5828 14.19538606227639
GOES 17                 
1 43226U 18022A   22100.57707021  .00000096  00000+0  00000+0 0  9997
2 43226   0.0457 295.1775 0000390  44.8201 289.3216  1.00273065 15092
FENGYUN 2H              
1 43491U 18050A   22100.49580390 -.00000128  00000+0  00000+0 0  9998
2 43491   0.9755  98.5022 0003339  18.2942 339.5960  1.00270089 14107
METOP-C                 
1 43689U 18087A   22100.79758803  .00000081  00000+0  56929-4 0  9999
2 43689  98.6909 161.8421 0002124 213.9587 146.1454 14.21495674177698
GEO-KOMPSAT-2A          
1 43823U 18100A   22100.50557233 -.00000345  00000+0  00000+0 0  9996
2 43823   0.0544  43.8238 0001813  11.9309  93.2185  1.00270937 12290
METEOR-M2 2             
1 44387U 19038A   22100.82481186 -.00000016  00000+0  12425-4 0  9995
2 44387  98.7154  62.1742 0002470 100.1378 260.0088 14.23704578143785
FENGYUN 3E              
1 49008U 21062A   22100.85617090  .00000250  00000+0  13898-3 0  9991
2 49008  98.7124 103.8832 0002121 147.1848 212.9477 14.19726736 39727
GOES 18                 
1 51850U 22021A   22100.53394873 -.00000184  00000+0  00000+0 0  9995
2 51850   0.0142 305.0973 0000279 197.8164 158.6943  1.00271908   474
