2022 98
NOAA 15                 
1 25338U 98030A   22098.47035361  .00000144  00000+0  78495-4 0  9996
2 25338  98.6523 128.8959 0011247 137.6995 222.5054 14.26105929243292
DMSP 5D-3 F15 (USA 147) 
1 25991U 99067A   22098.49769067  .00000161  00000+0  10411-3 0  9993
2 25991  99.0503  88.8893 0010745  32.7516 136.0786 14.16516440153887
METEOSAT-8 (MSG-1)      
1 27509U 02040B   22097.04357529  .00000137  00000+0  00000+0 0  9993
2 27509   7.9077  51.0218 0002066 309.4497 251.9154  1.00271929 71895
DMSP 5D-3 F16 (USA 172) 
1 28054U 03048A   22098.53559722  .00000089  00000+0  70985-4 0  9992
2 28054  98.9857  88.9973 0007833 148.2415 320.4397 14.13662289953149
NOAA 18                 
1 28654U 05018A   22098.44414298  .00000168  00000+0  11480-3 0  9997
2 28654  98.9539 168.9229 0014718 165.7701 194.3888 14.12709732870186
METEOSAT-9 (MSG-2)      
1 28912U 05049B   22097.61699288  .00000142  00000+0  00000+0 0  9994
2 28912   5.8622  66.7284 0000746 254.2317 134.8343  1.00434858 59688
EWS-G1 (GOES 13)        
1 29155U 06018A   22097.87165062  .00000035  00000+0  00000+0 0  9998
2 29155   0.4165  96.7598 0001868 157.4230 317.2458  1.00274383 28029
DMSP 5D-3 F17 (USA 191) 
1 29522U 06050A   22098.52420299  .00000138  00000+0  95161-4 0  9992
2 29522  98.7719 114.8745 0011052  99.7749 260.4672 14.14086690796027
FENGYUN 3A              
1 32958U 08026A   22098.50558218  .00000136  00000+0  85487-4 0  9993
2 32958  98.4951  64.0242 0007905 220.2221 139.8371 14.18701155718411
FENGYUN 2E              
1 33463U 08066A   22097.48308110 -.00000196  00000+0  00000+0 0  9999
2 33463   5.7498  65.6987 0004529 354.4606  35.6563  1.00263455 48739
NOAA 19                 
1 33591U 09005A   22098.50832451  .00000150  00000+0  10629-3 0  9990
2 33591  99.1566 131.1489 0014254  28.5323 331.6625 14.12546100678578
GOES 14                 
1 35491U 09033A   22098.54037862 -.00000093  00000+0  00000+0 0  9994
2 35491   0.1539  90.6970 0011700 133.0869  63.0310  1.00272526 46808
METEOR-M 1              
1 35865U 09049A   22098.47096216  .00000131  00000+0  77732-4 0  9999
2 35865  98.5215  71.2254 0003410  76.1198 284.0360 14.22318224651745
DMSP 5D-3 F18 (USA 210) 
1 35951U 09057A   22098.53839757  .00000254  00000+0  15783-3 0  9999
2 35951  98.7175  79.6688 0009964 288.8112  71.1980 14.13470589643230
GOES 15                 
1 36411U 10008A   22097.72741350  .00000055  00000+0  00000+0 0  9991
2 36411   0.1246 106.9600 0001456 315.1562 267.3083  1.00272172 44314
COMS 1                  
1 36744U 10032A   22097.85030149 -.00000345  00000+0  00000+0 0  9991
2 36744   0.8831  94.0835 0000783 282.7821 253.4783  1.00270610 35730
FENGYUN 3B              
1 37214U 10059A   22098.45274953  .00000049  00000+0  49778-4 0  9993
2 37214  99.0934 103.1789 0021929 190.0490 170.0247 14.14249013591069
SUOMI NPP               
1 37849U 11061A   22098.50432412  .00000073  00000+0  55420-4 0  9991
2 37849  98.7274  38.0440 0001118  98.2244  32.1342 14.19554764541268
FENGYUN 2F              
1 38049U 12002A   22098.42113992 -.00000355  00000+0  00000+0 0  9993
2 38049   3.6213  80.1865 0004724   5.8778  14.0450  1.00262263 37546
METEOSAT-10 (MSG-3)     
1 38552U 12035B   22097.82663250  .00000060  00000+0  00000+0 0  9990
2 38552   1.4265  36.4987 0001915 255.4671 211.0801  1.00266130 35501
METOP-B                 
1 38771U 12049A   22098.45002382  .00000097  00000+0  64199-4 0  9995
2 38771  98.7032 159.2134 0000475 139.4661 284.8450 14.21491310495788
FENGYUN 3C              
1 39260U 13052A   22098.45278546  .00000121  00000+0  82464-4 0  9994
2 39260  98.4625 130.0844 0012299 114.1565 246.0898 14.15910665442018
METEOR-M 2              
1 40069U 14037A   22098.45916543  .00000025  00000+0  30664-4 0  9991
2 40069  98.4378 119.4384 0006200 153.7448 206.4054 14.20702173401924
HIMAWARI-8              
1 40267U 14060A   22098.49862434 -.00000277  00000+0  00000+0 0  9996
2 40267   0.0163 172.6555 0000856 202.8616 141.3561  1.00272127 27514
FENGYUN 2G              
1 40367U 14090A   22098.41869781 -.00000303  00000+0  00000+0 0  9994
2 40367   1.7589  90.0585 0002551 340.9118  16.1756  1.00269228 26686
METEOSAT-11 (MSG-4)     
1 40732U 15034A   22098.32711406 -.00000005  00000+0  00000+0 0  9998
2 40732   0.1934  19.6942 0000781  54.1417 240.5721  1.00264908 24674
ELEKTRO-L 2             
1 41105U 15074A   22097.89364890 -.00000115  00000+0  00000+0 0  9991
2 41105   2.8108  88.9219 0000728  33.0808  21.4349  1.00271656 23161
HIMAWARI-9              
1 41836U 16064A   22098.49862434 -.00000276  00000+0  00000+0 0  9994
2 41836   0.0180 140.2058 0000970 240.5188 136.2625  1.00271483 19952
GOES 16                 
1 41866U 16071A   22097.80971219 -.00000249  00000+0  00000+0 0  9991
2 41866   0.0624 286.7493 0000712 108.6547  16.9292  1.00272127 19752
FENGYUN 4A              
1 41882U 16077A   22098.49147245 -.00000331  00000+0  00000+0 0  9997
2 41882   0.2048 284.8348 0005156 200.2272 353.2044  1.00271390 19631
CYGFM05                 
1 41884U 16078A   22097.78493281  .00004080  00000+0  20942-3 0  9990
2 41884  34.9558 281.8183 0015034 181.5122 178.5546 15.15865413294151
CYGFM04                 
1 41885U 16078B   22097.86144541  .00004650  00000+0  23505-3 0  9993
2 41885  34.9489 270.9663 0013652 198.5415 161.4800 15.16385198294268
CYGFM02                 
1 41886U 16078C   22098.51205090  .00004568  00000+0  23073-3 0  9992
2 41886  34.9580 269.0935 0014386 198.4439 161.5753 15.16409430294356
CYGFM01                 
1 41887U 16078D   22097.77699451  .00004266  00000+0  22028-3 0  9992
2 41887  34.9528 284.1337 0015513 180.8817 179.1869 15.15640083294006
CYGFM08                 
1 41888U 16078E   22097.84871357  .00004217  00000+0  21499-3 0  9995
2 41888  34.9494 276.6638 0014798 192.9008 167.1326 15.16098778294148
CYGFM06                 
1 41889U 16078F   22098.49296471  .00004224  00000+0  21348-3 0  9997
2 41889  34.9574 267.9046 0013438 198.5789 161.4433 15.16421874294358
CYGFM07                 
1 41890U 16078G   22097.88207238  .00004270  00000+0  21608-3 0  9994
2 41890  34.9512 270.5407 0013126 197.4269 162.5993 15.16372164294268
CYGFM03                 
1 41891U 16078H   22098.47293840  .00004241  00000+0  21467-3 0  9996
2 41891  34.9545 267.3105 0012726 201.0711 158.9478 15.16371276294342
FENGYUN 3D              
1 43010U 17072A   22098.55554538  .00000092  00000+0  65153-4 0  9990
2 43010  98.8095  43.5257 0002980  91.7273 268.4230 14.19191927227856
NOAA 20                 
1 43013U 17073A   22098.44377539  .00000082  00000+0  59857-4 0  9999
2 43013  98.7514  38.0291 0000669  86.4897 273.6356 14.19538049227291
GOES 17                 
1 43226U 18022A   22098.48972412  .00000096  00000+0  00000+0 0  9991
2 43226   0.0498 293.7808 0000340  39.7576 262.2710  1.00271413 15084
FENGYUN 2H              
1 43491U 18050A   22098.12755894 -.00000128  00000+0  00000+0 0  9997
2 43491   0.9700  98.5606 0003283  19.1550 203.7875  1.00270405 14152
METOP-C                 
1 43689U 18087A   22098.47477738  .00000093  00000+0  62569-4 0  9995
2 43689  98.6913 159.5548 0002012 222.5870 137.5152 14.21495008177368
GEO-KOMPSAT-2A          
1 43823U 18100A   22097.99371385 -.00000345  00000+0  00000+0 0  9996
2 43823   0.0440  43.7718 0001661   8.5424 269.9149  1.00272090 12304
METEOR-M2 2             
1 44387U 19038A   22098.50560447  .00000026  00000+0  30654-4 0  9998
2 44387  98.7153  59.8745 0002388 102.1969 257.9475 14.23704357143450
FENGYUN 3E              
1 49008U 21062A   22098.49183594 -.00012268  00000+0 -57891-2 0  9998
2 49008  98.7123 101.5567 0002111 149.7297  13.0597 14.19717734 39384
GOES 18                 
1 51850U 22021A   22097.87864738 -.00000184  00000+0  00000+0 0  9999
2 51850   0.0208 305.4277 0000285 195.3454 282.3050  1.00272384   451
